A = [5 2 4; 1 7 -3; 6 -10 0];
B = [11 5 -3; 0 -12 4; 2 6 1];
A + B
